[561_Ch2]
Amplitude.L = 2.000000
Center.L = 0.000000
Amplitude.R = 2.000000
Center.R = 0.000000